java A5Test mdp-large.txt 
State Values:
--------------------------------------
State   Value
--------------------------------------
0       -6.0
1       -5.0
2       -4.0
3       -3.0
4       -5.0
5       -4.0
6       -3.0
7       -2.0
8       -4.0
9       -3.0
10      -2.0
11      -1.0
12      -3.0
13      -2.0
14      -1.0
15      0.0

Policy:
--------------------------------------
State   action  probability
--------------------------------------
0       0       0.5
0       1       0.5
0       2       0.0
0       3       0.0
--------------------------------------
1       0       0.5
1       1       0.5
1       2       0.0
1       3       0.0
--------------------------------------
2       0       0.5
2       1       0.5
2       2       0.0
2       3       0.0
--------------------------------------
3       0       0.0
3       1       1.0
3       2       0.0
3       3       0.0
--------------------------------------
4       0       0.5
4       1       0.5
4       2       0.0
4       3       0.0
--------------------------------------
5       0       0.5
5       1       0.5
5       2       0.0
5       3       0.0
--------------------------------------
6       0       0.5
6       1       0.5
6       2       0.0
6       3       0.0
--------------------------------------
7       0       0.0
7       1       1.0
7       2       0.0
7       3       0.0
--------------------------------------
8       0       0.5
8       1       0.5
8       2       0.0
8       3       0.0
--------------------------------------
9       0       0.5
9       1       0.5
9       2       0.0
9       3       0.0
--------------------------------------
10      0       0.5
10      1       0.5
10      2       0.0
10      3       0.0
--------------------------------------
11      0       0.0
11      1       1.0
11      2       0.0
11      3       0.0
--------------------------------------
12      0       1.0
12      1       0.0
12      2       0.0
12      3       0.0
--------------------------------------
13      0       1.0
13      1       0.0
13      2       0.0
13      3       0.0
--------------------------------------
14      0       1.0
14      1       0.0
14      2       0.0
14      3       0.0
--------------------------------------
15      0       0.25
15      1       0.25
15      2       0.25
15      3       0.25
--------------------------------------