java A5Test mdp-volcano.txt
State Values:
--------------------------------------
State   Value
--------------------------------------
0       19.99127022454574
1       19.99146642483279
2       0.0
3       0.0
4       19.99146642483279
5       19.99195031119599
6       0.0
7       19.99812185703783
8       0.0
9       19.993189457097266
10      19.994658201768786
11      19.996307030513226

Policy:
--------------------------------------
State   action  probability
--------------------------------------
0       0       0.25
0       1       0.25
0       2       0.25
0       3       0.25
--------------------------------------
1       0       0.0
1       1       0.3333333333333333
1       2       0.3333333333333333
1       3       0.3333333333333333
--------------------------------------
2       0       0.25
2       1       0.25
2       2       0.25
2       3       0.25
--------------------------------------
3       0       0.25
3       1       0.25
3       2       0.25
3       3       0.25
--------------------------------------
4       0       0.3333333333333333
4       1       0.0
4       2       0.3333333333333333
4       3       0.3333333333333333
--------------------------------------
5       0       0.0
5       1       0.3333333333333333
5       2       0.3333333333333333
5       3       0.3333333333333333
--------------------------------------
6       0       0.25
6       1       0.25
6       2       0.25
6       3       0.25
--------------------------------------
7       0       0.3333333333333333
7       1       0.3333333333333333
7       2       0.0
7       3       0.3333333333333333
--------------------------------------
8       0       0.25
8       1       0.25
8       2       0.25
8       3       0.25
--------------------------------------
9       0       0.3333333333333333
9       1       0.3333333333333333
9       2       0.0
9       3       0.3333333333333333
--------------------------------------
10      0       0.3333333333333333
10      1       0.3333333333333333
10      2       0.3333333333333333
10      3       0.0
--------------------------------------
11      0       0.25
11      1       0.25
11      2       0.25
11      3       0.25
--------------------------------------